1500007
1501695
1502293
1502392
1504619
1507266
1510790
1511051
1512342
1513875
1517014
1518455
1522191
1522751
1527165
1527193
1527421
1529927
1531041
1531127
1531607
1534304
1537756
1537924
1538215
1539536
1539688
1540025
1540623
1540702
1541944
1542727
1544910
1547107
1547164
1547236
1547399
1549977
1550242
1551262
1551511
1551534
1551605
1552214
1552794
1553126
1553565
1553945
1554385
1555224
1556563
1559711
1560070
1560300
1561190
1563315
1563426
1563435
1565268
1565508
1565809
1566346
1600746
1600767
1600874
1601485
1601983
1602006
1602451
1606882
1608663
1611136
1611714
1612416
1617040
1619950
1620695
1620922
1624641
1624705
1629437
1629934
1632881
1633608
1633952
1638321
1638888
1640578
1640645
1640664
1642102
1642143
1642542
1643020
1644552
1646691
1647361
1660329
